i	j	xijv1
1	3	1
2	5	1
2	16	1
2	254	1
3	1	1
3	11	1
3	25	1
4	5	1
4	12	1
4	32	1
5	2	1
5	4	1
5	8	1
6	11	1
6	17	1
6	19	1
7	15	1
8	5	1
8	27	1
8	34	1
9	15	1
9	289	1
9	290	1
10	15	1
11	3	1
11	6	1
11	22	1
12	4	1
13	21	1
14	22	1
15	7	1
15	9	1
15	10	1
16	2	1
17	6	1
18	19	1
18	20	1
18	21	1
19	6	1
19	18	1
19	22	1
20	18	1
21	13	1
21	18	1
21	290	1
22	11	1
22	14	1
22	19	1
23	26	1
23	29	1
23	33	1
24	31	1
25	3	1
25	28	1
25	30	1
26	23	1
26	178	1
27	8	1
28	25	1
28	32	1
28	34	1
29	23	1
30	25	1
31	24	1
31	48	1
31	274	1
32	4	1
32	28	1
32	35	1
33	23	1
33	33	1
34	8	1
34	28	1
34	274	1
35	32	1
36	45	1
36	54	1
36	66	1
37	50	1
38	51	1
38	61	1
38	67	1
39	54	1
39	57	1
39	64	1
40	46	1
40	54	1
40	61	1
41	55	1
42	52	1
42	60	1
42	68	1
43	61	1
44	55	1
45	36	1
45	74	1
45	87	1
46	40	1
46	49	1
46	56	1
47	48	1
47	49	1
47	59	1
48	31	1
48	47	1
48	283	1
49	46	1
49	47	1
49	50	1
50	37	1
50	49	1
50	62	1
51	38	1
51	63	1
51	68	1
52	42	1
53	68	1
54	36	1
54	39	1
54	40	1
55	41	1
55	44	1
55	60	1
56	46	1
57	39	1
57	70	1
57	76	1
58	62	1
59	47	1
60	42	1
60	55	1
60	269	1
61	38	1
61	40	1
61	43	1
62	50	1
62	58	1
62	64	1
63	51	1
64	39	1
64	62	1
64	271	1
65	283	1
66	36	1
67	38	1
68	42	1
68	51	1
68	53	1
69	70	1
70	57	1
70	69	1
70	73	1
70	116	1
71	75	1
72	73	1
72	75	1
73	70	1
73	72	1
74	45	1
74	116	1
75	71	1
75	72	1
75	243	1
76	57	1
77	90	1
78	92	1
78	104	1
79	81	1
79	96	1
80	86	1
80	90	1
80	96	1
81	79	1
81	84	1
82	90	1
82	93	1
82	94	1
83	85	1
83	93	1
83	97	1
84	81	1
85	83	1
85	87	1
85	88	1
86	80	1
86	92	1
86	235	1
87	45	1
87	85	1
87	97	1
88	85	1
89	96	1
90	77	1
90	80	1
90	82	1
91	93	1
91	94	1
91	97	1
92	78	1
92	86	1
92	109	1
93	82	1
93	83	1
93	91	1
94	82	1
94	91	1
94	95	1
95	94	1
96	79	1
96	80	1
96	89	1
97	83	1
97	87	1
97	91	1
98	102	1
98	105	1
98	107	1
99	101	1
99	103	1
100	104	1
100	110	1
100	111	1
101	99	1
101	110	1
102	98	1
103	99	1
103	105	1
103	109	1
104	78	1
104	100	1
104	111	1
104	222	1
105	98	1
105	103	1
105	108	1
106	108	1
107	98	1
107	110	1
107	119	1
108	105	1
108	106	1
108	109	1
109	92	1
109	103	1
109	108	1
110	100	1
110	101	1
110	107	1
111	100	1
111	104	1
111	112	1
112	111	1
112	150	1
112	153	1
113	115	1
113	117	1
113	121	1
114	123	1
115	113	1
115	116	1
115	123	1
116	70	1
116	74	1
116	115	1
117	113	1
117	119	1
117	122	1
118	126	1
118	265	1
119	107	1
119	117	1
119	122	1
120	123	1
121	113	1
122	117	1
122	119	1
122	265	1
123	114	1
123	115	1
123	120	1
124	143	1
125	134	1
126	118	1
126	131	1
126	138	1
126	270	1
127	129	1
127	136	1
127	140	1
127	245	1
128	267	1
128	275	1
129	127	1
130	132	1
130	135	1
130	142	1
131	118	1
131	126	1
131	137	1
132	130	1
132	134	1
132	136	1
133	135	1
133	138	1
133	142	1
134	125	1
134	132	1
134	143	1
135	130	1
135	133	1
135	139	1
136	127	1
136	132	1
136	144	1
137	131	1
137	152	1
137	153	1
138	126	1
138	131	1
139	135	1
140	127	1
141	142	1
141	275	1
142	130	1
142	133	1
142	141	1
143	124	1
143	134	1
143	266	1
144	136	1
145	150	1
145	154	1
146	151	1
146	155	1
147	149	1
147	150	1
147	250	1
148	149	1
149	147	1
149	148	1
149	152	1
149	153	1
150	112	1
150	145	1
150	147	1
151	146	1
152	137	1
152	149	1
152	155	1
153	112	1
153	137	1
153	149	1
154	145	1
154	201	1
155	146	1
155	152	1
156	159	1
156	170	1
156	251	1
157	163	1
157	164	1
157	171	1
158	161	1
159	156	1
159	251	1
159	266	1
160	161	1
161	158	1
161	160	1
161	167	1
162	169	1
162	170	1
162	173	1
163	157	1
164	157	1
164	168	1
164	172	1
165	168	1
165	170	1
165	272	1
166	171	1
166	183	1
166	206	1
167	161	1
167	171	1
167	199	1
167	280	1
168	164	1
168	165	1
168	184	1
169	162	1
170	156	1
170	162	1
170	165	1
171	157	1
171	166	1
171	167	1
172	164	1
173	162	1
174	181	1
175	180	1
176	179	1
177	186	1
178	26	1
178	185	1
178	187	1
179	176	1
179	181	1
179	186	1
180	175	1
180	185	1
180	189	1
181	174	1
181	179	1
181	183	1
182	189	1
183	166	1
183	181	1
183	188	1
184	168	1
184	189	1
184	268	1
185	178	1
185	180	1
185	186	1
186	177	1
186	179	1
186	185	1
187	178	1
188	183	1
189	180	1
189	182	1
189	184	1
190	203	1
191	192	1
191	195	1
191	206	1
192	191	1
192	200	1
193	282	1
194	195	1
194	204	1
194	281	1
195	191	1
195	194	1
195	284	1
196	198	1
197	206	1
198	196	1
198	202	1
198	203	1
199	167	1
199	192	1
200	205	1
200	282	1
201	154	1
201	203	1
201	281	1
202	198	1
202	204	1
202	211	1
202	236	1
203	190	1
203	198	1
203	201	1
204	194	1
204	202	1
204	208	1
205	194	1
205	281	1
206	166	1
206	191	1
206	197	1
207	211	1
208	204	1
208	211	1
209	212	1
209	284	1
210	212	1
211	202	1
211	207	1
211	208	1
212	209	1
212	210	1
213	225	1
214	227	1
215	222	1
215	230	1
216	226	1
216	229	1
217	221	1
217	229	1
218	223	1
218	227	1
218	230	1
219	226	1
219	228	1
220	221	1
220	223	1
221	217	1
221	220	1
222	104	1
222	215	1
222	230	1
223	218	1
223	220	1
224	227	1
225	213	1
225	228	1
226	216	1
226	219	1
227	214	1
227	218	1
227	224	1
228	219	1
228	225	1
229	216	1
229	217	1
230	215	1
230	218	1
230	222	1
231	233	1
232	234	1
233	231	1
233	234	1
233	235	1
234	232	1
234	233	1
234	235	1
235	86	1
235	233	1
235	234	1
236	202	1
237	238	1
237	241	1
237	244	1
238	237	1
238	239	1
238	249	1
239	238	1
239	240	1
239	248	1
240	239	1
240	241	1
240	264	1
241	237	1
241	240	1
241	242	1
242	241	1
242	243	1
242	247	1
243	75	1
243	242	1
243	244	1
243	245	1
244	237	1
244	243	1
244	245	1
244	246	1
245	127	1
245	243	1
245	244	1
246	244	1
247	242	1
248	239	1
248	257	1
248	259	1
249	238	1
249	256	1
249	260	1
250	147	1
251	156	1
251	159	1
251	280	1
252	254	1
253	254	1
254	2	1
254	252	1
254	253	1
254	255	1
255	254	1
256	249	1
257	248	1
257	258	1
258	257	1
258	260	1
259	248	1
259	261	1
259	262	1
260	249	1
260	258	1
260	262	1
261	259	1
262	259	1
262	260	1
262	263	1
263	262	1
264	240	1
265	122	1
265	270	1
266	143	1
266	159	1
266	267	1
267	128	1
267	266	1
268	184	1
269	60	1
270	126	1
270	133	1
271	64	1
272	165	1
273	274	1
273	277	1
273	278	1
273	283	1
274	31	1
274	34	1
274	273	1
275	128	1
275	141	1
276	277	1
276	279	1
276	286	1
277	273	1
277	276	1
277	285	1
278	273	1
279	276	1
280	167	1
280	251	1
281	201	1
281	205	1
281	282	1
282	193	1
282	199	1
282	200	1
283	48	1
283	65	1
283	273	1
284	195	1
284	209	1
285	277	1
286	276	1
287	293	1
288	294	1
289	9	1
289	291	1
290	9	1
290	21	1
290	292	1
291	289	1
291	292	1
291	293	1
292	290	1
292	291	1
292	294	1
293	287	1
293	291	1
293	294	1
294	288	1
294	292	1
294	293	1
